<?xml version="1.0"?>
<opencv_storage>
<extrinsic type_id="opencv-matrix">
  <rows>4</rows>
  <cols>4</cols>
  <dt>d</dt>
  <data>
    -9.9915530095167737e-01 -4.0304098700635484e-02
    -8.0164959984073952e-03 9.1135134966222168e+01
    3.9833814903009974e-02 -9.9784968085744652e-01
    5.2050759869236893e-02 6.9469045020862794e+01
    -1.0097116936818617e-02 5.1687465024139595e-02
    9.9861226418913074e-01 3.7384410396013203e+02 0. 0. 0. 1.</data></extrinsic>
<intrinsic type_id="opencv-matrix">
  <rows>3</rows>
  <cols>3</cols>
  <dt>d</dt>
  <data>
    6.1226948191038002e+02 0. 3.2615115000485503e+02 0.
    6.1194142488028990e+02 2.4402271379203739e+02 0. 0. 1.</data></intrinsic>
<distortion type_id="opencv-matrix">
  <rows>1</rows>
  <cols>5</cols>
  <dt>d</dt>
  <data>
    4.7964969656610436e-02 5.0277325701213182e-01 6.6818880963639201e-04
    -7.6681400823790948e-04 -2.2586862026029326e+00</data></distortion>
</opencv_storage>
