<?xml version="1.0"?>
<opencv_storage>
<extrinsic type_id="opencv-matrix">
  <rows>4</rows>
  <cols>4</cols>
  <dt>d</dt>
  <data>
    -9.9973905045777711e-01 -1.9001226449151375e-02
    1.2680078202059315e-02 1.0599515863920270e+02 1.8431872317128502e-02
    -9.9887898401692654e-01 -4.3600933157419558e-02
    6.5696266132054930e+01 1.3494334836046624e-02
    -4.3355837931480082e-02 9.9896855518309158e-01
    3.1310045937654456e+02 0. 0. 0. 1.</data></extrinsic>
<intrinsic type_id="opencv-matrix">
  <rows>3</rows>
  <cols>3</cols>
  <dt>d</dt>
  <data>
    5.5223773919020266e+02 0. 3.1382248921344922e+02 0.
    5.5310502973029747e+02 2.3404943721288285e+02 0. 0. 1.</data></intrinsic>
<distortion type_id="opencv-matrix">
  <rows>1</rows>
  <cols>5</cols>
  <dt>d</dt>
  <data>
    3.7277221341260797e-02 1.8697199746663912e-01
    -1.0090789267545139e-03 -1.0495294709493884e-03
    -7.9251539585930808e-01</data></distortion>
</opencv_storage>
